4 queens
1 Q 1 1 1 1 
1 1 1 Q 1 1 
Q 1 1 1 1 1 
1 1 Q 1 1 1 
1 1 1 1 R 1 
1 1 1 1 1 R 

1 Q 1 1 1 1 
1 1 1 1 Q 1 
Q 1 1 1 1 1 
1 1 1 1 1 Q 
1 1 1 R 1 1 
1 1 R 1 1 1 

1 Q 1 1 1 1 
1 1 1 1 1 Q 
1 1 Q 1 1 1 
Q 1 1 1 1 1 
1 1 1 R 1 1 
1 1 1 1 R 1 

1 1 Q 1 1 1 
Q 1 1 1 1 1 
1 1 1 Q 1 1 
1 Q 1 1 1 1 
1 1 1 1 R 1 
1 1 1 1 1 R 

1 1 1 Q 1 1 
1 1 1 1 1 Q 
1 1 Q 1 1 1 
1 1 1 1 Q 1 
1 R 1 1 1 1 
R 1 1 1 1 1 

1 1 1 1 Q 1 
Q 1 1 1 1 1 
1 1 1 Q 1 1 
1 1 1 1 1 Q 
1 1 R 1 1 1 
1 R 1 1 1 1 

1 1 1 1 Q 1 
1 Q 1 1 1 1 
1 1 1 1 1 Q 
Q 1 1 1 1 1 
1 1 R 1 1 1 
1 1 1 R 1 1 

1 1 1 1 Q 1 
1 1 Q 1 1 1 
1 1 1 1 1 Q 
1 1 1 Q 1 1 
1 R 1 1 1 1 
R 1 1 1 1 1 

1 Q 1 1 1 1 
1 1 1 Q 1 1 
1 1 1 1 1 Q 
1 1 R 1 1 1 
1 1 1 1 Q 1 
R 1 1 1 1 1 

1 1 Q 1 1 1 
1 1 1 1 Q 1 
1 Q 1 1 1 1 
1 1 1 R 1 1 
Q 1 1 1 1 1 
1 1 1 1 1 R 

1 1 1 Q 1 1 
1 Q 1 1 1 1 
1 1 1 1 Q 1 
1 1 R 1 1 1 
1 1 1 1 1 Q 
R 1 1 1 1 1 

1 1 1 1 Q 1 
1 1 Q 1 1 1 
Q 1 1 1 1 1 
1 1 1 R 1 1 
1 Q 1 1 1 1 
1 1 1 1 1 R 

1 1 Q 1 1 1 
1 1 1 1 1 Q 
1 1 1 Q 1 1 
1 R 1 1 1 1 
R 1 1 1 1 1 
1 1 1 1 Q 1 

1 1 1 Q 1 1 
Q 1 1 1 1 1 
1 1 Q 1 1 1 
1 1 1 1 R 1 
1 1 1 1 1 R 
1 Q 1 1 1 1 

1 Q 1 1 1 1 
1 1 1 1 Q 1 
1 1 R 1 1 1 
Q 1 1 1 1 1 
1 1 1 Q 1 1 
1 1 1 1 1 R 

1 1 Q 1 1 1 
1 1 1 1 1 Q 
1 1 1 R 1 1 
1 Q 1 1 1 1 
1 1 1 1 Q 1 
R 1 1 1 1 1 

1 1 1 Q 1 1 
Q 1 1 1 1 1 
1 1 R 1 1 1 
1 1 1 1 Q 1 
1 Q 1 1 1 1 
1 1 1 1 1 R 

1 1 1 1 Q 1 
1 Q 1 1 1 1 
1 1 1 R 1 1 
1 1 1 1 1 Q 
1 1 Q 1 1 1 
R 1 1 1 1 1 

1 1 Q 1 1 1 
Q 1 1 1 1 1 
1 1 1 1 1 R 
1 1 1 1 R 1 
1 Q 1 1 1 1 
1 1 1 Q 1 1 

1 1 Q 1 1 1 
1 1 1 1 Q 1 
1 R 1 1 1 1 
R 1 1 1 1 1 
1 1 1 1 1 Q 
1 1 1 Q 1 1 

1 1 1 Q 1 1 
1 Q 1 1 1 1 
1 1 1 1 R 1 
1 1 1 1 1 R 
Q 1 1 1 1 1 
1 1 Q 1 1 1 

1 1 1 Q 1 1 
1 1 1 1 1 Q 
R 1 1 1 1 1 
1 R 1 1 1 1 
1 1 1 1 Q 1 
1 1 Q 1 1 1 

1 Q 1 1 1 1 
1 1 1 1 R 1 
1 1 Q 1 1 1 
1 1 1 1 1 Q 
1 1 1 Q 1 1 
R 1 1 1 1 1 

1 1 Q 1 1 1 
R 1 1 1 1 1 
1 1 1 1 1 Q 
1 1 1 Q 1 1 
1 Q 1 1 1 1 
1 1 1 1 R 1 

1 1 Q 1 1 1 
1 1 1 1 R 1 
1 Q 1 1 1 1 
1 1 1 Q 1 1 
1 1 1 1 1 Q 
R 1 1 1 1 1 

1 1 Q 1 1 1 
1 1 1 1 1 R 
1 1 1 Q 1 1 
Q 1 1 1 1 1 
1 1 1 1 Q 1 
1 R 1 1 1 1 

1 1 1 Q 1 1 
R 1 1 1 1 1 
1 1 Q 1 1 1 
1 1 1 1 1 Q 
1 Q 1 1 1 1 
1 1 1 1 R 1 

1 1 1 Q 1 1 
1 R 1 1 1 1 
1 1 1 1 Q 1 
1 1 Q 1 1 1 
Q 1 1 1 1 1 
1 1 1 1 1 R 

1 1 1 Q 1 1 
1 1 1 1 1 R 
Q 1 1 1 1 1 
1 1 Q 1 1 1 
1 1 1 1 Q 1 
1 R 1 1 1 1 

1 1 1 1 Q 1 
1 R 1 1 1 1 
1 1 1 Q 1 1 
Q 1 1 1 1 1 
1 1 Q 1 1 1 
1 1 1 1 1 R 

1 Q 1 1 1 1 
1 1 1 1 1 R 
1 1 1 1 R 1 
1 1 Q 1 1 1 
Q 1 1 1 1 1 
1 1 1 Q 1 1 

1 1 1 1 Q 1 
R 1 1 1 1 1 
1 R 1 1 1 1 
1 1 1 Q 1 1 
1 1 1 1 1 Q 
1 1 Q 1 1 1 

R 1 1 1 1 1 
1 1 Q 1 1 1 
1 1 1 1 Q 1 
1 Q 1 1 1 1 
1 1 1 Q 1 1 
1 1 1 1 1 R 

R 1 1 1 1 1 
1 1 1 Q 1 1 
1 Q 1 1 1 1 
1 1 1 1 Q 1 
1 1 Q 1 1 1 
1 1 1 1 1 R 

1 1 1 1 1 R 
1 1 Q 1 1 1 
1 1 1 1 Q 1 
1 Q 1 1 1 1 
1 1 1 Q 1 1 
R 1 1 1 1 1 

1 1 1 1 1 R 
1 1 1 Q 1 1 
1 Q 1 1 1 1 
1 1 1 1 Q 1 
1 1 Q 1 1 1 
R 1 1 1 1 1 

R 1 1 1 1 1 
1 1 1 Q 1 1 
1 1 1 1 1 Q 
1 1 Q 1 1 1 
1 1 1 1 R 1 
1 Q 1 1 1 1 

R 1 1 1 1 1 
1 1 1 1 1 Q 
1 1 1 Q 1 1 
1 Q 1 1 1 1 
1 1 1 1 R 1 
1 1 Q 1 1 1 

1 R 1 1 1 1 
1 1 1 1 Q 1 
Q 1 1 1 1 1 
1 1 1 Q 1 1 
1 1 1 1 1 R 
1 1 Q 1 1 1 

1 R 1 1 1 1 
1 1 1 1 Q 1 
1 1 Q 1 1 1 
Q 1 1 1 1 1 
1 1 1 1 1 R 
1 1 1 Q 1 1 

1 1 1 1 R 1 
1 Q 1 1 1 1 
1 1 1 Q 1 1 
1 1 1 1 1 Q 
R 1 1 1 1 1 
1 1 Q 1 1 1 

1 1 1 1 R 1 
1 Q 1 1 1 1 
1 1 1 1 1 Q 
1 1 Q 1 1 1 
R 1 1 1 1 1 
1 1 1 Q 1 1 

1 1 1 1 1 R 
Q 1 1 1 1 1 
1 1 Q 1 1 1 
1 1 1 1 Q 1 
1 R 1 1 1 1 
1 1 1 Q 1 1 

1 1 1 1 1 R 
1 1 Q 1 1 1 
Q 1 1 1 1 1 
1 1 1 Q 1 1 
1 R 1 1 1 1 
1 1 1 1 Q 1 

R 1 1 1 1 1 
1 1 Q 1 1 1 
1 1 1 1 1 Q 
1 1 1 R 1 1 
1 Q 1 1 1 1 
1 1 1 1 Q 1 

R 1 1 1 1 1 
1 1 1 1 Q 1 
1 Q 1 1 1 1 
1 1 1 R 1 1 
1 1 1 1 1 Q 
1 1 Q 1 1 1 

1 1 1 1 1 R 
1 Q 1 1 1 1 
1 1 1 1 Q 1 
1 1 R 1 1 1 
Q 1 1 1 1 1 
1 1 1 Q 1 1 

1 1 1 1 1 R 
1 1 1 Q 1 1 
Q 1 1 1 1 1 
1 1 R 1 1 1 
1 1 1 1 Q 1 
1 Q 1 1 1 1 

R 1 1 1 1 1 
1 1 1 1 Q 1 
1 1 R 1 1 1 
1 1 1 1 1 Q 
1 1 1 Q 1 1 
1 Q 1 1 1 1 

R 1 1 1 1 1 
1 1 1 1 1 Q 
1 1 R 1 1 1 
1 1 1 1 Q 1 
1 Q 1 1 1 1 
1 1 1 Q 1 1 

1 1 1 1 1 R 
Q 1 1 1 1 1 
1 1 1 R 1 1 
1 Q 1 1 1 1 
1 1 1 1 Q 1 
1 1 Q 1 1 1 

1 1 1 1 1 R 
1 Q 1 1 1 1 
1 1 1 R 1 1 
Q 1 1 1 1 1 
1 1 Q 1 1 1 
1 1 1 1 Q 1 

R 1 1 1 1 1 
1 R 1 1 1 1 
1 1 1 Q 1 1 
1 1 1 1 1 Q 
1 1 Q 1 1 1 
1 1 1 1 Q 1 

R 1 1 1 1 1 
1 R 1 1 1 1 
1 1 1 1 Q 1 
1 1 Q 1 1 1 
1 1 1 1 1 Q 
1 1 1 Q 1 1 

1 R 1 1 1 1 
1 1 R 1 1 1 
1 1 1 1 1 Q 
1 1 1 Q 1 1 
Q 1 1 1 1 1 
1 1 1 1 Q 1 

1 1 R 1 1 1 
1 1 1 R 1 1 
1 1 1 1 1 Q 
Q 1 1 1 1 1 
1 1 1 1 Q 1 
1 Q 1 1 1 1 

1 1 1 R 1 1 
1 1 R 1 1 1 
Q 1 1 1 1 1 
1 1 1 1 1 Q 
1 Q 1 1 1 1 
1 1 1 1 Q 1 

1 1 1 1 R 1 
1 1 1 R 1 1 
Q 1 1 1 1 1 
1 1 Q 1 1 1 
1 1 1 1 1 Q 
1 Q 1 1 1 1 

1 1 1 1 1 R 
1 1 1 1 R 1 
1 Q 1 1 1 1 
1 1 1 Q 1 1 
Q 1 1 1 1 1 
1 1 Q 1 1 1 

1 1 1 1 1 R 
1 1 1 1 R 1 
1 1 Q 1 1 1 
Q 1 1 1 1 1 
1 1 1 Q 1 1 
1 Q 1 1 1 1 


Current Total Shadow Count: 64
Unique Shadow Count for 2 rooks: 60