5 queens
Q 1 1 1 1 
1 1 Q 1 1 
1 1 1 1 Q 
1 Q 1 1 1 
1 1 1 Q 1 

Q 1 1 1 1 
1 1 1 Q 1 
1 Q 1 1 1 
1 1 1 1 Q 
1 1 Q 1 1 

1 Q 1 1 1 
1 1 1 Q 1 
Q 1 1 1 1 
1 1 Q 1 1 
1 1 1 1 Q 

1 Q 1 1 1 
1 1 1 1 Q 
1 1 Q 1 1 
Q 1 1 1 1 
1 1 1 Q 1 

1 1 Q 1 1 
Q 1 1 1 1 
1 1 1 Q 1 
1 Q 1 1 1 
1 1 1 1 Q 

1 1 Q 1 1 
1 1 1 1 Q 
1 Q 1 1 1 
1 1 1 Q 1 
Q 1 1 1 1 

1 1 1 Q 1 
Q 1 1 1 1 
1 1 Q 1 1 
1 1 1 1 Q 
1 Q 1 1 1 

1 1 1 Q 1 
1 Q 1 1 1 
1 1 1 1 Q 
1 1 Q 1 1 
Q 1 1 1 1 

1 1 1 1 Q 
1 Q 1 1 1 
1 1 1 Q 1 
Q 1 1 1 1 
1 1 Q 1 1 

1 1 1 1 Q 
1 1 Q 1 1 
Q 1 1 1 1 
1 1 1 Q 1 
1 Q 1 1 1 


Current Total Shadow Count: 10
Unique Shadow Count for 0 rooks: 10

----------------------------------------------------------------------------------

4 queens

Current Total Shadow Count: 10
Unique Shadow Count for 1 rooks: 0

----------------------------------------------------------------------------------

3 queens

Current Total Shadow Count: 10
Unique Shadow Count for 2 rooks: 0

----------------------------------------------------------------------------------

2 queens
1 Q 1 1 1 
1 1 1 1 Q 
R 1 1 1 1 
1 1 1 R 1 
1 1 R 1 1 

1 Q 1 1 1 
1 1 1 1 Q 
1 1 R 1 1 
1 1 1 R 1 
R 1 1 1 1 

1 1 Q 1 1 
Q 1 1 1 1 
1 1 1 R 1 
1 1 1 1 R 
1 R 1 1 1 

1 1 Q 1 1 
1 1 1 1 Q 
1 R 1 1 1 
R 1 1 1 1 
1 1 1 R 1 

1 1 1 Q 1 
Q 1 1 1 1 
1 1 R 1 1 
1 R 1 1 1 
1 1 1 1 R 

1 1 1 Q 1 
Q 1 1 1 1 
1 1 1 1 R 
1 R 1 1 1 
1 1 R 1 1 

1 Q 1 1 1 
1 1 1 1 R 
Q 1 1 1 1 
1 1 R 1 1 
1 1 1 R 1 

1 1 1 Q 1 
R 1 1 1 1 
1 1 1 1 Q 
1 1 R 1 1 
1 R 1 1 1 

1 Q 1 1 1 
1 1 1 R 1 
1 1 R 1 1 
Q 1 1 1 1 
1 1 1 1 R 

1 Q 1 1 1 
1 1 1 R 1 
1 1 1 1 R 
Q 1 1 1 1 
1 1 R 1 1 

1 Q 1 1 1 
1 1 1 R 1 
1 1 1 1 R 
1 1 Q 1 1 
R 1 1 1 1 

1 1 1 Q 1 
1 R 1 1 1 
R 1 1 1 1 
1 1 Q 1 1 
1 1 1 1 R 

1 1 1 Q 1 
1 R 1 1 1 
R 1 1 1 1 
1 1 1 1 Q 
1 1 R 1 1 

1 1 1 Q 1 
1 R 1 1 1 
1 1 R 1 1 
1 1 1 1 Q 
R 1 1 1 1 

R 1 1 1 1 
1 1 1 1 Q 
1 Q 1 1 1 
1 1 1 R 1 
1 1 R 1 1 

1 1 1 1 R 
Q 1 1 1 1 
1 1 1 Q 1 
1 R 1 1 1 
1 1 R 1 1 

R 1 1 1 1 
1 1 Q 1 1 
1 1 1 1 R 
1 1 1 R 1 
1 Q 1 1 1 

R 1 1 1 1 
1 1 1 1 Q 
1 1 R 1 1 
1 R 1 1 1 
1 1 1 Q 1 

1 1 R 1 1 
Q 1 1 1 1 
1 1 1 1 R 
1 1 1 R 1 
1 Q 1 1 1 

1 1 R 1 1 
1 1 1 1 Q 
R 1 1 1 1 
1 R 1 1 1 
1 1 1 Q 1 

1 1 1 1 R 
Q 1 1 1 1 
1 1 R 1 1 
1 1 1 R 1 
1 Q 1 1 1 

1 1 1 1 R 
1 1 Q 1 1 
R 1 1 1 1 
1 R 1 1 1 
1 1 1 Q 1 

1 1 R 1 1 
1 R 1 1 1 
1 1 1 Q 1 
Q 1 1 1 1 
1 1 1 1 R 

1 1 R 1 1 
1 1 1 R 1 
1 Q 1 1 1 
1 1 1 1 Q 
R 1 1 1 1 

1 R 1 1 1 
1 1 R 1 1 
1 1 1 1 Q 
R 1 1 1 1 
1 1 1 Q 1 

1 1 1 R 1 
1 1 R 1 1 
Q 1 1 1 1 
1 1 1 1 R 
1 Q 1 1 1 

R 1 1 1 1 
1 1 1 R 1 
1 1 R 1 1 
1 1 1 1 Q 
1 Q 1 1 1 

1 R 1 1 1 
1 1 1 1 R 
1 1 1 R 1 
Q 1 1 1 1 
1 1 Q 1 1 

1 1 R 1 1 
1 R 1 1 1 
1 1 1 1 R 
Q 1 1 1 1 
1 1 1 Q 1 

1 1 R 1 1 
1 1 1 R 1 
R 1 1 1 1 
1 1 1 1 Q 
1 Q 1 1 1 

1 1 1 R 1 
R 1 1 1 1 
1 R 1 1 1 
1 1 1 1 Q 
1 1 Q 1 1 

1 1 1 1 R 
1 R 1 1 1 
1 1 R 1 1 
Q 1 1 1 1 
1 1 1 Q 1 


Current Total Shadow Count: 42
Unique Shadow Count for 3 rooks: 32

----------------------------------------------------------------------------------

1 queens
Q 1 1 1 1 
1 1 R 1 1 
1 R 1 1 1 
1 1 1 1 R 
1 1 1 R 1 

Q 1 1 1 1 
1 1 R 1 1 
1 1 1 R 1 
1 1 1 1 R 
1 R 1 1 1 

Q 1 1 1 1 
1 1 1 R 1 
1 1 1 1 R 
1 R 1 1 1 
1 1 R 1 1 

Q 1 1 1 1 
1 1 1 R 1 
1 1 1 1 R 
1 1 R 1 1 
1 R 1 1 1 

Q 1 1 1 1 
1 1 1 1 R 
1 R 1 1 1 
1 1 R 1 1 
1 1 1 R 1 

Q 1 1 1 1 
1 1 1 1 R 
1 1 1 R 1 
1 R 1 1 1 
1 1 R 1 1 

Q 1 1 1 1 
1 1 1 1 R 
1 1 1 R 1 
1 1 R 1 1 
1 R 1 1 1 

1 1 Q 1 1 
R 1 1 1 1 
1 R 1 1 1 
1 1 1 R 1 
1 1 1 1 R 

1 1 Q 1 1 
R 1 1 1 1 
1 R 1 1 1 
1 1 1 1 R 
1 1 1 R 1 

1 1 Q 1 1 
1 1 1 1 R 
1 1 1 R 1 
R 1 1 1 1 
1 R 1 1 1 

1 1 Q 1 1 
1 1 1 1 R 
1 1 1 R 1 
1 R 1 1 1 
R 1 1 1 1 

1 1 1 1 Q 
R 1 1 1 1 
1 R 1 1 1 
1 1 R 1 1 
1 1 1 R 1 

1 1 1 1 Q 
R 1 1 1 1 
1 R 1 1 1 
1 1 1 R 1 
1 1 R 1 1 

1 1 1 1 Q 
R 1 1 1 1 
1 1 1 R 1 
1 1 R 1 1 
1 R 1 1 1 

1 1 1 1 Q 
1 R 1 1 1 
R 1 1 1 1 
1 1 R 1 1 
1 1 1 R 1 

1 1 1 1 Q 
1 R 1 1 1 
R 1 1 1 1 
1 1 1 R 1 
1 1 R 1 1 

1 1 1 1 Q 
1 1 R 1 1 
1 R 1 1 1 
R 1 1 1 1 
1 1 1 R 1 

1 1 1 1 Q 
1 1 R 1 1 
1 1 1 R 1 
R 1 1 1 1 
1 R 1 1 1 

R 1 1 1 1 
1 1 1 Q 1 
1 R 1 1 1 
1 1 R 1 1 
1 1 1 1 R 

1 R 1 1 1 
1 1 1 Q 1 
R 1 1 1 1 
1 1 1 1 R 
1 1 R 1 1 

1 1 1 R 1 
1 Q 1 1 1 
1 1 1 1 R 
R 1 1 1 1 
1 1 R 1 1 

1 1 1 1 R 
1 Q 1 1 1 
1 1 1 R 1 
1 1 R 1 1 
R 1 1 1 1 

R 1 1 1 1 
1 R 1 1 1 
1 1 1 1 Q 
1 1 R 1 1 
1 1 1 R 1 

1 R 1 1 1 
R 1 1 1 1 
1 1 Q 1 1 
1 1 1 1 R 
1 1 1 R 1 

1 R 1 1 1 
R 1 1 1 1 
1 1 1 1 Q 
1 1 R 1 1 
1 1 1 R 1 

1 R 1 1 1 
1 1 R 1 1 
Q 1 1 1 1 
1 1 1 R 1 
1 1 1 1 R 

1 R 1 1 1 
1 1 R 1 1 
Q 1 1 1 1 
1 1 1 1 R 
1 1 1 R 1 

1 1 1 R 1 
1 1 R 1 1 
1 1 1 1 Q 
R 1 1 1 1 
1 R 1 1 1 

1 1 1 R 1 
1 1 R 1 1 
1 1 1 1 Q 
1 R 1 1 1 
R 1 1 1 1 

1 1 1 R 1 
1 1 1 1 R 
Q 1 1 1 1 
1 1 R 1 1 
1 R 1 1 1 

1 1 1 R 1 
1 1 1 1 R 
1 1 Q 1 1 
R 1 1 1 1 
1 R 1 1 1 

1 1 1 1 R 
1 1 1 R 1 
Q 1 1 1 1 
1 1 R 1 1 
1 R 1 1 1 

R 1 1 1 1 
1 1 R 1 1 
1 1 1 R 1 
1 Q 1 1 1 
1 1 1 1 R 

1 1 R 1 1 
R 1 1 1 1 
1 1 1 1 R 
1 Q 1 1 1 
1 1 1 R 1 

1 1 R 1 1 
1 1 1 1 R 
R 1 1 1 1 
1 1 1 Q 1 
1 R 1 1 1 

1 1 1 1 R 
1 1 R 1 1 
1 R 1 1 1 
1 1 1 Q 1 
R 1 1 1 1 

R 1 1 1 1 
1 R 1 1 1 
1 1 1 R 1 
1 1 1 1 R 
1 1 Q 1 1 

1 R 1 1 1 
R 1 1 1 1 
1 1 1 R 1 
1 1 R 1 1 
1 1 1 1 Q 

1 R 1 1 1 
R 1 1 1 1 
1 1 1 R 1 
1 1 1 1 R 
1 1 Q 1 1 

1 R 1 1 1 
1 1 R 1 1 
1 1 1 R 1 
R 1 1 1 1 
1 1 1 1 Q 

1 R 1 1 1 
1 1 R 1 1 
1 1 1 R 1 
1 1 1 1 R 
Q 1 1 1 1 

1 R 1 1 1 
1 1 R 1 1 
1 1 1 1 R 
1 1 1 R 1 
Q 1 1 1 1 

1 R 1 1 1 
1 1 1 1 R 
1 1 1 R 1 
1 1 R 1 1 
Q 1 1 1 1 

1 1 R 1 1 
1 R 1 1 1 
1 1 1 R 1 
1 1 1 1 R 
Q 1 1 1 1 

1 1 R 1 1 
1 R 1 1 1 
1 1 1 1 R 
1 1 1 R 1 
Q 1 1 1 1 

1 1 R 1 1 
1 1 1 R 1 
R 1 1 1 1 
1 R 1 1 1 
1 1 1 1 Q 

1 1 R 1 1 
1 1 1 R 1 
1 R 1 1 1 
R 1 1 1 1 
1 1 1 1 Q 

1 1 1 R 1 
R 1 1 1 1 
1 R 1 1 1 
1 1 R 1 1 
1 1 1 1 Q 

1 1 1 R 1 
1 1 R 1 1 
R 1 1 1 1 
1 R 1 1 1 
1 1 1 1 Q 

1 1 1 R 1 
1 1 R 1 1 
1 R 1 1 1 
R 1 1 1 1 
1 1 1 1 Q 

1 1 1 R 1 
1 1 R 1 1 
1 R 1 1 1 
1 1 1 1 R 
Q 1 1 1 1 

1 1 1 R 1 
1 1 1 1 R 
1 R 1 1 1 
R 1 1 1 1 
1 1 Q 1 1 

1 1 1 R 1 
1 1 1 1 R 
1 R 1 1 1 
1 1 R 1 1 
Q 1 1 1 1 

1 1 1 1 R 
1 1 1 R 1 
1 R 1 1 1 
R 1 1 1 1 
1 1 Q 1 1 


Current Total Shadow Count: 96
Unique Shadow Count for 4 rooks: 54

----------------------------------------------------------------------------------

0 queens
R 1 1 1 1 
1 R 1 1 1 
1 1 R 1 1 
1 1 1 R 1 
1 1 1 1 R 

R 1 1 1 1 
1 R 1 1 1 
1 1 R 1 1 
1 1 1 1 R 
1 1 1 R 1 

R 1 1 1 1 
1 R 1 1 1 
1 1 1 R 1 
1 1 R 1 1 
1 1 1 1 R 

R 1 1 1 1 
1 R 1 1 1 
1 1 1 1 R 
1 1 1 R 1 
1 1 R 1 1 

R 1 1 1 1 
1 1 R 1 1 
1 R 1 1 1 
1 1 1 R 1 
1 1 1 1 R 

R 1 1 1 1 
1 1 1 R 1 
1 1 R 1 1 
1 R 1 1 1 
1 1 1 1 R 

R 1 1 1 1 
1 1 1 1 R 
1 1 R 1 1 
1 1 1 R 1 
1 R 1 1 1 

1 R 1 1 1 
R 1 1 1 1 
1 1 R 1 1 
1 1 1 R 1 
1 1 1 1 R 

1 R 1 1 1 
R 1 1 1 1 
1 1 1 1 R 
1 1 1 R 1 
1 1 R 1 1 

1 R 1 1 1 
1 1 1 R 1 
1 1 R 1 1 
1 1 1 1 R 
R 1 1 1 1 

1 1 R 1 1 
1 R 1 1 1 
R 1 1 1 1 
1 1 1 R 1 
1 1 1 1 R 

1 1 R 1 1 
1 R 1 1 1 
R 1 1 1 1 
1 1 1 1 R 
1 1 1 R 1 

1 1 R 1 1 
1 1 1 R 1 
1 1 1 1 R 
R 1 1 1 1 
1 R 1 1 1 

1 1 R 1 1 
1 1 1 R 1 
1 1 1 1 R 
1 R 1 1 1 
R 1 1 1 1 

1 1 1 R 1 
1 R 1 1 1 
1 1 R 1 1 
R 1 1 1 1 
1 1 1 1 R 

1 1 1 R 1 
1 1 1 1 R 
R 1 1 1 1 
1 R 1 1 1 
1 1 R 1 1 

1 1 1 R 1 
1 1 1 1 R 
1 1 R 1 1 
1 R 1 1 1 
R 1 1 1 1 

1 1 1 1 R 
R 1 1 1 1 
1 1 R 1 1 
1 R 1 1 1 
1 1 1 R 1 

1 1 1 1 R 
1 R 1 1 1 
1 1 R 1 1 
1 1 1 R 1 
R 1 1 1 1 

1 1 1 1 R 
1 1 R 1 1 
1 1 1 R 1 
1 R 1 1 1 
R 1 1 1 1 

1 1 1 1 R 
1 1 1 R 1 
R 1 1 1 1 
1 R 1 1 1 
1 1 R 1 1 

1 1 1 1 R 
1 1 1 R 1 
1 R 1 1 1 
1 1 R 1 1 
R 1 1 1 1 

1 1 1 1 R 
1 1 1 R 1 
1 1 R 1 1 
R 1 1 1 1 
1 R 1 1 1 

1 1 1 1 R 
1 1 1 R 1 
1 1 R 1 1 
1 R 1 1 1 
R 1 1 1 1 


Current Total Shadow Count: 120
Unique Shadow Count for 5 rooks: 24

----------------------------------------------------------------------------------

