1 queens
Q 1 1 1 1 
1 1 R 1 1 
1 R 1 1 1 
1 1 1 1 R 
1 1 1 R 1 

Q 1 1 1 1 
1 1 R 1 1 
1 1 1 R 1 
1 1 1 1 R 
1 R 1 1 1 

Q 1 1 1 1 
1 1 1 R 1 
1 1 1 1 R 
1 R 1 1 1 
1 1 R 1 1 

Q 1 1 1 1 
1 1 1 R 1 
1 1 1 1 R 
1 1 R 1 1 
1 R 1 1 1 

Q 1 1 1 1 
1 1 1 1 R 
1 R 1 1 1 
1 1 R 1 1 
1 1 1 R 1 

Q 1 1 1 1 
1 1 1 1 R 
1 1 1 R 1 
1 R 1 1 1 
1 1 R 1 1 

Q 1 1 1 1 
1 1 1 1 R 
1 1 1 R 1 
1 1 R 1 1 
1 R 1 1 1 

1 1 Q 1 1 
R 1 1 1 1 
1 R 1 1 1 
1 1 1 R 1 
1 1 1 1 R 

1 1 Q 1 1 
R 1 1 1 1 
1 R 1 1 1 
1 1 1 1 R 
1 1 1 R 1 

1 1 Q 1 1 
1 1 1 1 R 
1 1 1 R 1 
R 1 1 1 1 
1 R 1 1 1 

1 1 Q 1 1 
1 1 1 1 R 
1 1 1 R 1 
1 R 1 1 1 
R 1 1 1 1 

1 1 1 1 Q 
R 1 1 1 1 
1 R 1 1 1 
1 1 R 1 1 
1 1 1 R 1 

1 1 1 1 Q 
R 1 1 1 1 
1 R 1 1 1 
1 1 1 R 1 
1 1 R 1 1 

1 1 1 1 Q 
R 1 1 1 1 
1 1 1 R 1 
1 1 R 1 1 
1 R 1 1 1 

1 1 1 1 Q 
1 R 1 1 1 
R 1 1 1 1 
1 1 R 1 1 
1 1 1 R 1 

1 1 1 1 Q 
1 R 1 1 1 
R 1 1 1 1 
1 1 1 R 1 
1 1 R 1 1 

1 1 1 1 Q 
1 1 R 1 1 
1 R 1 1 1 
R 1 1 1 1 
1 1 1 R 1 

1 1 1 1 Q 
1 1 R 1 1 
1 1 1 R 1 
R 1 1 1 1 
1 R 1 1 1 

R 1 1 1 1 
1 1 1 Q 1 
1 R 1 1 1 
1 1 R 1 1 
1 1 1 1 R 

1 R 1 1 1 
1 1 1 Q 1 
R 1 1 1 1 
1 1 1 1 R 
1 1 R 1 1 

1 1 1 R 1 
1 Q 1 1 1 
1 1 1 1 R 
R 1 1 1 1 
1 1 R 1 1 

1 1 1 1 R 
1 Q 1 1 1 
1 1 1 R 1 
1 1 R 1 1 
R 1 1 1 1 

R 1 1 1 1 
1 R 1 1 1 
1 1 1 1 Q 
1 1 R 1 1 
1 1 1 R 1 

1 R 1 1 1 
R 1 1 1 1 
1 1 Q 1 1 
1 1 1 1 R 
1 1 1 R 1 

1 R 1 1 1 
R 1 1 1 1 
1 1 1 1 Q 
1 1 R 1 1 
1 1 1 R 1 

1 R 1 1 1 
1 1 R 1 1 
Q 1 1 1 1 
1 1 1 R 1 
1 1 1 1 R 

1 R 1 1 1 
1 1 R 1 1 
Q 1 1 1 1 
1 1 1 1 R 
1 1 1 R 1 

1 1 1 R 1 
1 1 R 1 1 
1 1 1 1 Q 
R 1 1 1 1 
1 R 1 1 1 

1 1 1 R 1 
1 1 R 1 1 
1 1 1 1 Q 
1 R 1 1 1 
R 1 1 1 1 

1 1 1 R 1 
1 1 1 1 R 
Q 1 1 1 1 
1 1 R 1 1 
1 R 1 1 1 

1 1 1 R 1 
1 1 1 1 R 
1 1 Q 1 1 
R 1 1 1 1 
1 R 1 1 1 

1 1 1 1 R 
1 1 1 R 1 
Q 1 1 1 1 
1 1 R 1 1 
1 R 1 1 1 

R 1 1 1 1 
1 1 R 1 1 
1 1 1 R 1 
1 Q 1 1 1 
1 1 1 1 R 

1 1 R 1 1 
R 1 1 1 1 
1 1 1 1 R 
1 Q 1 1 1 
1 1 1 R 1 

1 1 R 1 1 
1 1 1 1 R 
R 1 1 1 1 
1 1 1 Q 1 
1 R 1 1 1 

1 1 1 1 R 
1 1 R 1 1 
1 R 1 1 1 
1 1 1 Q 1 
R 1 1 1 1 

R 1 1 1 1 
1 R 1 1 1 
1 1 1 R 1 
1 1 1 1 R 
1 1 Q 1 1 

1 R 1 1 1 
R 1 1 1 1 
1 1 1 R 1 
1 1 R 1 1 
1 1 1 1 Q 

1 R 1 1 1 
R 1 1 1 1 
1 1 1 R 1 
1 1 1 1 R 
1 1 Q 1 1 

1 R 1 1 1 
1 1 R 1 1 
1 1 1 R 1 
R 1 1 1 1 
1 1 1 1 Q 

1 R 1 1 1 
1 1 R 1 1 
1 1 1 R 1 
1 1 1 1 R 
Q 1 1 1 1 

1 R 1 1 1 
1 1 R 1 1 
1 1 1 1 R 
1 1 1 R 1 
Q 1 1 1 1 

1 R 1 1 1 
1 1 1 1 R 
1 1 1 R 1 
1 1 R 1 1 
Q 1 1 1 1 

1 1 R 1 1 
1 R 1 1 1 
1 1 1 R 1 
1 1 1 1 R 
Q 1 1 1 1 

1 1 R 1 1 
1 R 1 1 1 
1 1 1 1 R 
1 1 1 R 1 
Q 1 1 1 1 

1 1 R 1 1 
1 1 1 R 1 
R 1 1 1 1 
1 R 1 1 1 
1 1 1 1 Q 

1 1 R 1 1 
1 1 1 R 1 
1 R 1 1 1 
R 1 1 1 1 
1 1 1 1 Q 

1 1 1 R 1 
R 1 1 1 1 
1 R 1 1 1 
1 1 R 1 1 
1 1 1 1 Q 

1 1 1 R 1 
1 1 R 1 1 
R 1 1 1 1 
1 R 1 1 1 
1 1 1 1 Q 

1 1 1 R 1 
1 1 R 1 1 
1 R 1 1 1 
R 1 1 1 1 
1 1 1 1 Q 

1 1 1 R 1 
1 1 R 1 1 
1 R 1 1 1 
1 1 1 1 R 
Q 1 1 1 1 

1 1 1 R 1 
1 1 1 1 R 
1 R 1 1 1 
R 1 1 1 1 
1 1 Q 1 1 

1 1 1 R 1 
1 1 1 1 R 
1 R 1 1 1 
1 1 R 1 1 
Q 1 1 1 1 

1 1 1 1 R 
1 1 1 R 1 
1 R 1 1 1 
R 1 1 1 1 
1 1 Q 1 1 


Current Total Shadow Count: 96
Unique Shadow Count for 4 rooks: 54