0 queens
R 1 1 1 1 
1 R 1 1 1 
1 1 R 1 1 
1 1 1 R 1 
1 1 1 1 R 

R 1 1 1 1 
1 R 1 1 1 
1 1 R 1 1 
1 1 1 1 R 
1 1 1 R 1 

R 1 1 1 1 
1 R 1 1 1 
1 1 1 R 1 
1 1 R 1 1 
1 1 1 1 R 

R 1 1 1 1 
1 R 1 1 1 
1 1 1 1 R 
1 1 1 R 1 
1 1 R 1 1 

R 1 1 1 1 
1 1 R 1 1 
1 R 1 1 1 
1 1 1 R 1 
1 1 1 1 R 

R 1 1 1 1 
1 1 1 R 1 
1 1 R 1 1 
1 R 1 1 1 
1 1 1 1 R 

R 1 1 1 1 
1 1 1 1 R 
1 1 R 1 1 
1 1 1 R 1 
1 R 1 1 1 

1 R 1 1 1 
R 1 1 1 1 
1 1 R 1 1 
1 1 1 R 1 
1 1 1 1 R 

1 R 1 1 1 
R 1 1 1 1 
1 1 1 1 R 
1 1 1 R 1 
1 1 R 1 1 

1 R 1 1 1 
1 1 1 R 1 
1 1 R 1 1 
1 1 1 1 R 
R 1 1 1 1 

1 1 R 1 1 
1 R 1 1 1 
R 1 1 1 1 
1 1 1 R 1 
1 1 1 1 R 

1 1 R 1 1 
1 R 1 1 1 
R 1 1 1 1 
1 1 1 1 R 
1 1 1 R 1 

1 1 R 1 1 
1 1 1 R 1 
1 1 1 1 R 
R 1 1 1 1 
1 R 1 1 1 

1 1 R 1 1 
1 1 1 R 1 
1 1 1 1 R 
1 R 1 1 1 
R 1 1 1 1 

1 1 1 R 1 
1 R 1 1 1 
1 1 R 1 1 
R 1 1 1 1 
1 1 1 1 R 

1 1 1 R 1 
1 1 1 1 R 
R 1 1 1 1 
1 R 1 1 1 
1 1 R 1 1 

1 1 1 R 1 
1 1 1 1 R 
1 1 R 1 1 
1 R 1 1 1 
R 1 1 1 1 

1 1 1 1 R 
R 1 1 1 1 
1 1 R 1 1 
1 R 1 1 1 
1 1 1 R 1 

1 1 1 1 R 
1 R 1 1 1 
1 1 R 1 1 
1 1 1 R 1 
R 1 1 1 1 

1 1 1 1 R 
1 1 R 1 1 
1 1 1 R 1 
1 R 1 1 1 
R 1 1 1 1 

1 1 1 1 R 
1 1 1 R 1 
R 1 1 1 1 
1 R 1 1 1 
1 1 R 1 1 

1 1 1 1 R 
1 1 1 R 1 
1 R 1 1 1 
1 1 R 1 1 
R 1 1 1 1 

1 1 1 1 R 
1 1 1 R 1 
1 1 R 1 1 
R 1 1 1 1 
1 R 1 1 1 

1 1 1 1 R 
1 1 1 R 1 
1 1 R 1 1 
1 R 1 1 1 
R 1 1 1 1 


Current Total Shadow Count: 120
Unique Shadow Count for 5 rooks: 24