2 queens
1 Q 1 1 1 
1 1 1 1 Q 
R 1 1 1 1 
1 1 1 R 1 
1 1 R 1 1 

1 Q 1 1 1 
1 1 1 1 Q 
1 1 R 1 1 
1 1 1 R 1 
R 1 1 1 1 

1 1 Q 1 1 
Q 1 1 1 1 
1 1 1 R 1 
1 1 1 1 R 
1 R 1 1 1 

1 1 Q 1 1 
1 1 1 1 Q 
1 R 1 1 1 
R 1 1 1 1 
1 1 1 R 1 

1 1 1 Q 1 
Q 1 1 1 1 
1 1 R 1 1 
1 R 1 1 1 
1 1 1 1 R 

1 1 1 Q 1 
Q 1 1 1 1 
1 1 1 1 R 
1 R 1 1 1 
1 1 R 1 1 

1 Q 1 1 1 
1 1 1 1 R 
Q 1 1 1 1 
1 1 R 1 1 
1 1 1 R 1 

1 1 1 Q 1 
R 1 1 1 1 
1 1 1 1 Q 
1 1 R 1 1 
1 R 1 1 1 

1 Q 1 1 1 
1 1 1 R 1 
1 1 R 1 1 
Q 1 1 1 1 
1 1 1 1 R 

1 Q 1 1 1 
1 1 1 R 1 
1 1 1 1 R 
Q 1 1 1 1 
1 1 R 1 1 

1 Q 1 1 1 
1 1 1 R 1 
1 1 1 1 R 
1 1 Q 1 1 
R 1 1 1 1 

1 1 1 Q 1 
1 R 1 1 1 
R 1 1 1 1 
1 1 Q 1 1 
1 1 1 1 R 

1 1 1 Q 1 
1 R 1 1 1 
R 1 1 1 1 
1 1 1 1 Q 
1 1 R 1 1 

1 1 1 Q 1 
1 R 1 1 1 
1 1 R 1 1 
1 1 1 1 Q 
R 1 1 1 1 

R 1 1 1 1 
1 1 1 1 Q 
1 Q 1 1 1 
1 1 1 R 1 
1 1 R 1 1 

1 1 1 1 R 
Q 1 1 1 1 
1 1 1 Q 1 
1 R 1 1 1 
1 1 R 1 1 

R 1 1 1 1 
1 1 Q 1 1 
1 1 1 1 R 
1 1 1 R 1 
1 Q 1 1 1 

R 1 1 1 1 
1 1 1 1 Q 
1 1 R 1 1 
1 R 1 1 1 
1 1 1 Q 1 

1 1 R 1 1 
Q 1 1 1 1 
1 1 1 1 R 
1 1 1 R 1 
1 Q 1 1 1 

1 1 R 1 1 
1 1 1 1 Q 
R 1 1 1 1 
1 R 1 1 1 
1 1 1 Q 1 

1 1 1 1 R 
Q 1 1 1 1 
1 1 R 1 1 
1 1 1 R 1 
1 Q 1 1 1 

1 1 1 1 R 
1 1 Q 1 1 
R 1 1 1 1 
1 R 1 1 1 
1 1 1 Q 1 

1 1 R 1 1 
1 R 1 1 1 
1 1 1 Q 1 
Q 1 1 1 1 
1 1 1 1 R 

1 1 R 1 1 
1 1 1 R 1 
1 Q 1 1 1 
1 1 1 1 Q 
R 1 1 1 1 

1 R 1 1 1 
1 1 R 1 1 
1 1 1 1 Q 
R 1 1 1 1 
1 1 1 Q 1 

1 1 1 R 1 
1 1 R 1 1 
Q 1 1 1 1 
1 1 1 1 R 
1 Q 1 1 1 

R 1 1 1 1 
1 1 1 R 1 
1 1 R 1 1 
1 1 1 1 Q 
1 Q 1 1 1 

1 R 1 1 1 
1 1 1 1 R 
1 1 1 R 1 
Q 1 1 1 1 
1 1 Q 1 1 

1 1 R 1 1 
1 R 1 1 1 
1 1 1 1 R 
Q 1 1 1 1 
1 1 1 Q 1 

1 1 R 1 1 
1 1 1 R 1 
R 1 1 1 1 
1 1 1 1 Q 
1 Q 1 1 1 

1 1 1 R 1 
R 1 1 1 1 
1 R 1 1 1 
1 1 1 1 Q 
1 1 Q 1 1 

1 1 1 1 R 
1 R 1 1 1 
1 1 R 1 1 
Q 1 1 1 1 
1 1 1 Q 1 


Current Total Shadow Count: 42
Unique Shadow Count for 3 rooks: 32