Pieces: ['Q', 'Q', 'Q', 'Q', 'R', 'R']
Nonattacking placements: 12

1 Q 1 1 1 1 
1 1 1 Q 1 1 
Q 1 1 1 1 1 
1 1 Q 1 1 1 
1 1 1 1 R 1 
1 1 1 1 1 R 

1 Q 1 1 1 1 
1 1 1 Q 1 1 
1 1 1 1 1 Q 
Q 1 1 1 1 1 
1 1 R 1 1 1 
1 1 1 1 R 1 

1 Q 1 1 1 1 
1 1 1 1 Q 1 
Q 1 1 1 1 1 
1 1 1 1 1 Q 
1 1 1 R 1 1 
1 1 R 1 1 1 

1 Q 1 1 1 1 
1 1 1 1 1 Q 
1 1 Q 1 1 1 
Q 1 1 1 1 1 
1 1 1 R 1 1 
1 1 1 1 R 1 

1 1 Q 1 1 1 
Q 1 1 1 1 1 
1 1 1 Q 1 1 
1 Q 1 1 1 1 
1 1 1 1 R 1 
1 1 1 1 1 R 

1 1 Q 1 1 1 
1 1 1 1 1 Q 
1 Q 1 1 1 1 
1 1 1 1 Q 1 
R 1 1 1 1 1 
1 1 1 R 1 1 

1 1 1 Q 1 1 
Q 1 1 1 1 1 
1 1 1 1 Q 1 
1 Q 1 1 1 1 
1 1 1 1 1 R 
1 1 R 1 1 1 

1 1 1 Q 1 1 
1 1 1 1 1 Q 
1 1 Q 1 1 1 
1 1 1 1 Q 1 
1 R 1 1 1 1 
R 1 1 1 1 1 

1 1 1 1 Q 1 
Q 1 1 1 1 1 
1 1 1 Q 1 1 
1 1 1 1 1 Q 
1 1 R 1 1 1 
1 R 1 1 1 1 

1 1 1 1 Q 1 
1 Q 1 1 1 1 
1 1 1 1 1 Q 
Q 1 1 1 1 1 
1 1 R 1 1 1 
1 1 1 R 1 1 

1 1 1 1 Q 1 
1 1 Q 1 1 1 
Q 1 1 1 1 1 
1 1 1 1 1 Q 
1 1 1 R 1 1 
1 R 1 1 1 1 

1 1 1 1 Q 1 
1 1 Q 1 1 1 
1 1 1 1 1 Q 
1 1 1 Q 1 1 
1 R 1 1 1 1 
R 1 1 1 1 1 

Pieces: ['Q', 'Q', 'Q', 'R', 'Q', 'R']
Nonattacking placements: 8

1 Q 1 1 1 1 
1 1 1 Q 1 1 
1 1 1 1 1 Q 
R 1 1 1 1 1 
1 1 Q 1 1 1 
1 1 1 1 R 1 

1 Q 1 1 1 1 
1 1 1 Q 1 1 
1 1 1 1 1 Q 
1 1 R 1 1 1 
1 1 1 1 Q 1 
R 1 1 1 1 1 

1 1 Q 1 1 1 
1 1 1 1 Q 1 
1 Q 1 1 1 1 
1 1 1 R 1 1 
Q 1 1 1 1 1 
1 1 1 1 1 R 

1 1 Q 1 1 1 
1 1 1 1 1 Q 
1 Q 1 1 1 1 
1 1 1 1 R 1 
Q 1 1 1 1 1 
1 1 1 R 1 1 

1 1 1 Q 1 1 
Q 1 1 1 1 1 
1 1 1 1 Q 1 
1 R 1 1 1 1 
1 1 1 1 1 Q 
1 1 R 1 1 1 

1 1 1 Q 1 1 
1 Q 1 1 1 1 
1 1 1 1 Q 1 
1 1 R 1 1 1 
1 1 1 1 1 Q 
R 1 1 1 1 1 

1 1 1 1 Q 1 
1 1 Q 1 1 1 
Q 1 1 1 1 1 
1 1 1 R 1 1 
1 Q 1 1 1 1 
1 1 1 1 1 R 

1 1 1 1 Q 1 
1 1 Q 1 1 1 
Q 1 1 1 1 1 
1 1 1 1 1 R 
1 1 1 Q 1 1 
1 R 1 1 1 1 

Pieces: ['Q', 'Q', 'Q', 'R', 'R', 'Q']
Nonattacking placements: 6

1 Q 1 1 1 1 
1 1 1 Q 1 1 
1 1 1 1 1 Q 
R 1 1 1 1 1 
1 1 R 1 1 1 
1 1 1 1 Q 1 

1 1 Q 1 1 1 
1 1 1 1 1 Q 
1 Q 1 1 1 1 
1 1 1 1 R 1 
R 1 1 1 1 1 
1 1 1 Q 1 1 

1 1 Q 1 1 1 
1 1 1 1 1 Q 
1 1 1 Q 1 1 
1 R 1 1 1 1 
R 1 1 1 1 1 
1 1 1 1 Q 1 

1 1 1 Q 1 1 
Q 1 1 1 1 1 
1 1 Q 1 1 1 
1 1 1 1 R 1 
1 1 1 1 1 R 
1 Q 1 1 1 1 

1 1 1 Q 1 1 
Q 1 1 1 1 1 
1 1 1 1 Q 1 
1 R 1 1 1 1 
1 1 1 1 1 R 
1 1 Q 1 1 1 

1 1 1 1 Q 1 
1 1 Q 1 1 1 
Q 1 1 1 1 1 
1 1 1 1 1 R 
1 1 1 R 1 1 
1 Q 1 1 1 1 

Pieces: ['Q', 'Q', 'R', 'Q', 'Q', 'R']
Nonattacking placements: 8

1 Q 1 1 1 1 
1 1 1 Q 1 1 
1 1 1 1 1 R 
Q 1 1 1 1 1 
1 1 Q 1 1 1 
1 1 1 1 R 1 

1 Q 1 1 1 1 
1 1 1 1 Q 1 
1 1 R 1 1 1 
Q 1 1 1 1 1 
1 1 1 Q 1 1 
1 1 1 1 1 R 

1 1 Q 1 1 1 
1 1 1 1 1 Q 
1 R 1 1 1 1 
1 1 1 1 Q 1 
Q 1 1 1 1 1 
1 1 1 R 1 1 

1 1 Q 1 1 1 
1 1 1 1 1 Q 
1 1 1 R 1 1 
1 Q 1 1 1 1 
1 1 1 1 Q 1 
R 1 1 1 1 1 

1 1 1 Q 1 1 
Q 1 1 1 1 1 
1 1 R 1 1 1 
1 1 1 1 Q 1 
1 Q 1 1 1 1 
1 1 1 1 1 R 

1 1 1 Q 1 1 
Q 1 1 1 1 1 
1 1 1 1 R 1 
1 Q 1 1 1 1 
1 1 1 1 1 Q 
1 1 R 1 1 1 

1 1 1 1 Q 1 
1 Q 1 1 1 1 
1 1 1 R 1 1 
1 1 1 1 1 Q 
1 1 Q 1 1 1 
R 1 1 1 1 1 

1 1 1 1 Q 1 
1 1 Q 1 1 1 
R 1 1 1 1 1 
1 1 1 1 1 Q 
1 1 1 Q 1 1 
1 R 1 1 1 1 

Pieces: ['Q', 'Q', 'R', 'Q', 'R', 'Q']
Nonattacking placements: 4

1 Q 1 1 1 1 
1 1 1 Q 1 1 
1 1 1 1 1 R 
Q 1 1 1 1 1 
1 1 R 1 1 1 
1 1 1 1 Q 1 

1 1 Q 1 1 1 
1 1 1 1 1 Q 
1 R 1 1 1 1 
1 1 1 1 Q 1 
R 1 1 1 1 1 
1 1 1 Q 1 1 

1 1 1 Q 1 1 
Q 1 1 1 1 1 
1 1 1 1 R 1 
1 Q 1 1 1 1 
1 1 1 1 1 R 
1 1 Q 1 1 1 

1 1 1 1 Q 1 
1 1 Q 1 1 1 
R 1 1 1 1 1 
1 1 1 1 1 Q 
1 1 1 R 1 1 
1 Q 1 1 1 1 

Pieces: ['Q', 'Q', 'R', 'R', 'Q', 'Q']
Nonattacking placements: 8

1 Q 1 1 1 1 
1 1 1 Q 1 1 
1 1 1 1 1 R 
R 1 1 1 1 1 
1 1 Q 1 1 1 
1 1 1 1 Q 1 

1 1 Q 1 1 1 
Q 1 1 1 1 1 
1 1 1 1 1 R 
1 1 1 1 R 1 
1 Q 1 1 1 1 
1 1 1 Q 1 1 

1 1 Q 1 1 1 
1 1 1 1 Q 1 
1 R 1 1 1 1 
R 1 1 1 1 1 
1 1 1 1 1 Q 
1 1 1 Q 1 1 

1 1 Q 1 1 1 
1 1 1 1 1 Q 
1 R 1 1 1 1 
1 1 1 1 R 1 
Q 1 1 1 1 1 
1 1 1 Q 1 1 

1 1 1 Q 1 1 
Q 1 1 1 1 1 
1 1 1 1 R 1 
1 R 1 1 1 1 
1 1 1 1 1 Q 
1 1 Q 1 1 1 

1 1 1 Q 1 1 
1 Q 1 1 1 1 
1 1 1 1 R 1 
1 1 1 1 1 R 
Q 1 1 1 1 1 
1 1 Q 1 1 1 

1 1 1 Q 1 1 
1 1 1 1 1 Q 
R 1 1 1 1 1 
1 R 1 1 1 1 
1 1 1 1 Q 1 
1 1 Q 1 1 1 

1 1 1 1 Q 1 
1 1 Q 1 1 1 
R 1 1 1 1 1 
1 1 1 1 1 R 
1 1 1 Q 1 1 
1 Q 1 1 1 1 

Pieces: ['Q', 'R', 'Q', 'Q', 'Q', 'R']
Nonattacking placements: 12

1 Q 1 1 1 1 
1 1 1 R 1 1 
1 1 1 1 1 Q 
Q 1 1 1 1 1 
1 1 Q 1 1 1 
1 1 1 1 R 1 

1 Q 1 1 1 1 
1 1 1 1 R 1 
1 1 Q 1 1 1 
1 1 1 1 1 Q 
1 1 1 Q 1 1 
R 1 1 1 1 1 

1 1 Q 1 1 1 
R 1 1 1 1 1 
1 1 1 1 1 Q 
1 1 1 Q 1 1 
1 Q 1 1 1 1 
1 1 1 1 R 1 

1 1 Q 1 1 1 
1 1 1 1 R 1 
1 Q 1 1 1 1 
1 1 1 Q 1 1 
1 1 1 1 1 Q 
R 1 1 1 1 1 

1 1 Q 1 1 1 
1 1 1 1 1 R 
1 Q 1 1 1 1 
1 1 1 1 Q 1 
Q 1 1 1 1 1 
1 1 1 R 1 1 

1 1 Q 1 1 1 
1 1 1 1 1 R 
1 1 1 Q 1 1 
Q 1 1 1 1 1 
1 1 1 1 Q 1 
1 R 1 1 1 1 

1 1 1 Q 1 1 
R 1 1 1 1 1 
1 1 Q 1 1 1 
1 1 1 1 1 Q 
1 Q 1 1 1 1 
1 1 1 1 R 1 

1 1 1 Q 1 1 
R 1 1 1 1 1 
1 1 1 1 Q 1 
1 Q 1 1 1 1 
1 1 1 1 1 Q 
1 1 R 1 1 1 

1 1 1 Q 1 1 
1 R 1 1 1 1 
1 1 1 1 Q 1 
1 1 Q 1 1 1 
Q 1 1 1 1 1 
1 1 1 1 1 R 

1 1 1 Q 1 1 
1 1 1 1 1 R 
Q 1 1 1 1 1 
1 1 Q 1 1 1 
1 1 1 1 Q 1 
1 R 1 1 1 1 

1 1 1 1 Q 1 
1 R 1 1 1 1 
1 1 1 Q 1 1 
Q 1 1 1 1 1 
1 1 Q 1 1 1 
1 1 1 1 1 R 

1 1 1 1 Q 1 
1 1 R 1 1 1 
Q 1 1 1 1 1 
1 1 1 1 1 Q 
1 1 1 Q 1 1 
1 R 1 1 1 1 

Pieces: ['Q', 'R', 'Q', 'Q', 'R', 'Q']
Nonattacking placements: 4

1 Q 1 1 1 1 
1 1 1 R 1 1 
1 1 1 1 1 Q 
Q 1 1 1 1 1 
1 1 R 1 1 1 
1 1 1 1 Q 1 

1 1 Q 1 1 1 
1 1 1 1 1 R 
1 Q 1 1 1 1 
1 1 1 1 Q 1 
R 1 1 1 1 1 
1 1 1 Q 1 1 

1 1 1 Q 1 1 
R 1 1 1 1 1 
1 1 1 1 Q 1 
1 Q 1 1 1 1 
1 1 1 1 1 R 
1 1 Q 1 1 1 

1 1 1 1 Q 1 
1 1 R 1 1 1 
Q 1 1 1 1 1 
1 1 1 1 1 Q 
1 1 1 R 1 1 
1 Q 1 1 1 1 

Pieces: ['Q', 'R', 'Q', 'R', 'Q', 'Q']
Nonattacking placements: 4

1 Q 1 1 1 1 
1 1 1 R 1 1 
1 1 1 1 1 Q 
R 1 1 1 1 1 
1 1 Q 1 1 1 
1 1 1 1 Q 1 

1 1 Q 1 1 1 
1 1 1 1 1 R 
1 Q 1 1 1 1 
1 1 1 1 R 1 
Q 1 1 1 1 1 
1 1 1 Q 1 1 

1 1 1 Q 1 1 
R 1 1 1 1 1 
1 1 1 1 Q 1 
1 R 1 1 1 1 
1 1 1 1 1 Q 
1 1 Q 1 1 1 

1 1 1 1 Q 1 
1 1 R 1 1 1 
Q 1 1 1 1 1 
1 1 1 1 1 R 
1 1 1 Q 1 1 
1 Q 1 1 1 1 

Pieces: ['Q', 'R', 'R', 'Q', 'Q', 'Q']
Nonattacking placements: 6

1 Q 1 1 1 1 
1 1 1 R 1 1 
1 1 1 1 1 R 
Q 1 1 1 1 1 
1 1 Q 1 1 1 
1 1 1 1 Q 1 

1 Q 1 1 1 1 
1 1 1 1 1 R 
1 1 1 1 R 1 
1 1 Q 1 1 1 
Q 1 1 1 1 1 
1 1 1 Q 1 1 

1 1 Q 1 1 1 
1 1 1 1 1 R 
1 R 1 1 1 1 
1 1 1 1 Q 1 
Q 1 1 1 1 1 
1 1 1 Q 1 1 

1 1 1 Q 1 1 
R 1 1 1 1 1 
1 1 1 1 R 1 
1 Q 1 1 1 1 
1 1 1 1 1 Q 
1 1 Q 1 1 1 

1 1 1 1 Q 1 
R 1 1 1 1 1 
1 R 1 1 1 1 
1 1 1 Q 1 1 
1 1 1 1 1 Q 
1 1 Q 1 1 1 

1 1 1 1 Q 1 
1 1 R 1 1 1 
R 1 1 1 1 1 
1 1 1 1 1 Q 
1 1 1 Q 1 1 
1 Q 1 1 1 1 

Pieces: ['R', 'Q', 'Q', 'Q', 'Q', 'R']
Nonattacking placements: 8

R 1 1 1 1 1 
1 1 Q 1 1 1 
1 1 1 1 Q 1 
1 Q 1 1 1 1 
1 1 1 Q 1 1 
1 1 1 1 1 R 

R 1 1 1 1 1 
1 1 1 Q 1 1 
1 Q 1 1 1 1 
1 1 1 1 Q 1 
1 1 Q 1 1 1 
1 1 1 1 1 R 

1 R 1 1 1 1 
1 1 1 Q 1 1 
1 1 1 1 1 Q 
Q 1 1 1 1 1 
1 1 Q 1 1 1 
1 1 1 1 R 1 

1 1 R 1 1 1 
1 1 1 1 1 Q 
1 Q 1 1 1 1 
1 1 1 1 Q 1 
Q 1 1 1 1 1 
1 1 1 R 1 1 

1 1 1 R 1 1 
Q 1 1 1 1 1 
1 1 1 1 Q 1 
1 Q 1 1 1 1 
1 1 1 1 1 Q 
1 1 R 1 1 1 

1 1 1 1 R 1 
1 1 Q 1 1 1 
Q 1 1 1 1 1 
1 1 1 1 1 Q 
1 1 1 Q 1 1 
1 R 1 1 1 1 

1 1 1 1 1 R 
1 1 Q 1 1 1 
1 1 1 1 Q 1 
1 Q 1 1 1 1 
1 1 1 Q 1 1 
R 1 1 1 1 1 

1 1 1 1 1 R 
1 1 1 Q 1 1 
1 Q 1 1 1 1 
1 1 1 1 Q 1 
1 1 Q 1 1 1 
R 1 1 1 1 1 

Pieces: ['R', 'Q', 'Q', 'Q', 'R', 'Q']
Nonattacking placements: 12

R 1 1 1 1 1 
1 1 1 Q 1 1 
1 1 1 1 1 Q 
1 1 Q 1 1 1 
1 1 1 1 R 1 
1 Q 1 1 1 1 

R 1 1 1 1 1 
1 1 1 1 1 Q 
1 1 1 Q 1 1 
1 Q 1 1 1 1 
1 1 1 1 R 1 
1 1 Q 1 1 1 

1 R 1 1 1 1 
1 1 1 Q 1 1 
1 1 1 1 1 Q 
Q 1 1 1 1 1 
1 1 R 1 1 1 
1 1 1 1 Q 1 

1 R 1 1 1 1 
1 1 1 1 Q 1 
Q 1 1 1 1 1 
1 1 1 Q 1 1 
1 1 1 1 1 R 
1 1 Q 1 1 1 

1 R 1 1 1 1 
1 1 1 1 Q 1 
1 1 Q 1 1 1 
Q 1 1 1 1 1 
1 1 1 1 1 R 
1 1 1 Q 1 1 

1 1 R 1 1 1 
1 1 1 1 1 Q 
1 Q 1 1 1 1 
1 1 1 1 Q 1 
R 1 1 1 1 1 
1 1 1 Q 1 1 

1 1 1 R 1 1 
Q 1 1 1 1 1 
1 1 1 1 Q 1 
1 Q 1 1 1 1 
1 1 1 1 1 R 
1 1 Q 1 1 1 

1 1 1 1 R 1 
1 Q 1 1 1 1 
1 1 1 Q 1 1 
1 1 1 1 1 Q 
R 1 1 1 1 1 
1 1 Q 1 1 1 

1 1 1 1 R 1 
1 Q 1 1 1 1 
1 1 1 1 1 Q 
1 1 Q 1 1 1 
R 1 1 1 1 1 
1 1 1 Q 1 1 

1 1 1 1 R 1 
1 1 Q 1 1 1 
Q 1 1 1 1 1 
1 1 1 1 1 Q 
1 1 1 R 1 1 
1 Q 1 1 1 1 

1 1 1 1 1 R 
Q 1 1 1 1 1 
1 1 Q 1 1 1 
1 1 1 1 Q 1 
1 R 1 1 1 1 
1 1 1 Q 1 1 

1 1 1 1 1 R 
1 1 Q 1 1 1 
Q 1 1 1 1 1 
1 1 1 Q 1 1 
1 R 1 1 1 1 
1 1 1 1 Q 1 

Pieces: ['R', 'Q', 'Q', 'R', 'Q', 'Q']
Nonattacking placements: 8

R 1 1 1 1 1 
1 1 Q 1 1 1 
1 1 1 1 1 Q 
1 1 1 R 1 1 
1 Q 1 1 1 1 
1 1 1 1 Q 1 

R 1 1 1 1 1 
1 1 1 1 Q 1 
1 Q 1 1 1 1 
1 1 1 R 1 1 
1 1 1 1 1 Q 
1 1 Q 1 1 1 

1 R 1 1 1 1 
1 1 1 Q 1 1 
1 1 1 1 1 Q 
R 1 1 1 1 1 
1 1 Q 1 1 1 
1 1 1 1 Q 1 

1 1 R 1 1 1 
1 1 1 1 1 Q 
1 Q 1 1 1 1 
1 1 1 1 R 1 
Q 1 1 1 1 1 
1 1 1 Q 1 1 

1 1 1 R 1 1 
Q 1 1 1 1 1 
1 1 1 1 Q 1 
1 R 1 1 1 1 
1 1 1 1 1 Q 
1 1 Q 1 1 1 

1 1 1 1 R 1 
1 1 Q 1 1 1 
Q 1 1 1 1 1 
1 1 1 1 1 R 
1 1 1 Q 1 1 
1 Q 1 1 1 1 

1 1 1 1 1 R 
1 Q 1 1 1 1 
1 1 1 1 Q 1 
1 1 R 1 1 1 
Q 1 1 1 1 1 
1 1 1 Q 1 1 

1 1 1 1 1 R 
1 1 1 Q 1 1 
Q 1 1 1 1 1 
1 1 R 1 1 1 
1 1 1 1 Q 1 
1 Q 1 1 1 1 

Pieces: ['R', 'Q', 'R', 'Q', 'Q', 'Q']
Nonattacking placements: 8

R 1 1 1 1 1 
1 1 1 1 Q 1 
1 1 R 1 1 1 
1 1 1 1 1 Q 
1 1 1 Q 1 1 
1 Q 1 1 1 1 

R 1 1 1 1 1 
1 1 1 1 1 Q 
1 1 R 1 1 1 
1 1 1 1 Q 1 
1 Q 1 1 1 1 
1 1 1 Q 1 1 

1 R 1 1 1 1 
1 1 1 Q 1 1 
1 1 1 1 1 R 
Q 1 1 1 1 1 
1 1 Q 1 1 1 
1 1 1 1 Q 1 

1 1 R 1 1 1 
1 1 1 1 1 Q 
1 R 1 1 1 1 
1 1 1 1 Q 1 
Q 1 1 1 1 1 
1 1 1 Q 1 1 

1 1 1 R 1 1 
Q 1 1 1 1 1 
1 1 1 1 R 1 
1 Q 1 1 1 1 
1 1 1 1 1 Q 
1 1 Q 1 1 1 

1 1 1 1 R 1 
1 1 Q 1 1 1 
R 1 1 1 1 1 
1 1 1 1 1 Q 
1 1 1 Q 1 1 
1 Q 1 1 1 1 

1 1 1 1 1 R 
Q 1 1 1 1 1 
1 1 1 R 1 1 
1 Q 1 1 1 1 
1 1 1 1 Q 1 
1 1 Q 1 1 1 

1 1 1 1 1 R 
1 Q 1 1 1 1 
1 1 1 R 1 1 
Q 1 1 1 1 1 
1 1 Q 1 1 1 
1 1 1 1 Q 1 

Pieces: ['R', 'R', 'Q', 'Q', 'Q', 'Q']
Nonattacking placements: 12

R 1 1 1 1 1 
1 R 1 1 1 1 
1 1 1 Q 1 1 
1 1 1 1 1 Q 
1 1 Q 1 1 1 
1 1 1 1 Q 1 

R 1 1 1 1 1 
1 R 1 1 1 1 
1 1 1 1 Q 1 
1 1 Q 1 1 1 
1 1 1 1 1 Q 
1 1 1 Q 1 1 

1 R 1 1 1 1 
1 1 R 1 1 1 
1 1 1 1 1 Q 
1 1 1 Q 1 1 
Q 1 1 1 1 1 
1 1 1 1 Q 1 

1 R 1 1 1 1 
1 1 1 R 1 1 
1 1 1 1 1 Q 
Q 1 1 1 1 1 
1 1 Q 1 1 1 
1 1 1 1 Q 1 

1 1 R 1 1 1 
1 1 1 R 1 1 
1 1 1 1 1 Q 
Q 1 1 1 1 1 
1 1 1 1 Q 1 
1 Q 1 1 1 1 

1 1 R 1 1 1 
1 1 1 1 1 R 
1 Q 1 1 1 1 
1 1 1 1 Q 1 
Q 1 1 1 1 1 
1 1 1 Q 1 1 

1 1 1 R 1 1 
R 1 1 1 1 1 
1 1 1 1 Q 1 
1 Q 1 1 1 1 
1 1 1 1 1 Q 
1 1 Q 1 1 1 

1 1 1 R 1 1 
1 1 R 1 1 1 
Q 1 1 1 1 1 
1 1 1 1 1 Q 
1 Q 1 1 1 1 
1 1 1 1 Q 1 

1 1 1 1 R 1 
1 1 R 1 1 1 
Q 1 1 1 1 1 
1 1 1 1 1 Q 
1 1 1 Q 1 1 
1 Q 1 1 1 1 

1 1 1 1 R 1 
1 1 1 R 1 1 
Q 1 1 1 1 1 
1 1 Q 1 1 1 
1 1 1 1 1 Q 
1 Q 1 1 1 1 

1 1 1 1 1 R 
1 1 1 1 R 1 
1 Q 1 1 1 1 
1 1 1 Q 1 1 
Q 1 1 1 1 1 
1 1 Q 1 1 1 

1 1 1 1 1 R 
1 1 1 1 R 1 
1 1 Q 1 1 1 
Q 1 1 1 1 1 
1 1 1 Q 1 1 
1 Q 1 1 1 1 

Total nonattacking placements: 120
