Pieces: ['Q', 'Q', 'R', 'R', 'R']
Nonattacking placements: 16

Q 1 1 1 1 
1 1 Q 1 1 
1 1 1 1 R 
1 R 1 1 1 
1 1 1 R 1 

Q 1 1 1 1 
1 1 1 Q 1 
1 R 1 1 1 
1 1 1 1 R 
1 1 R 1 1 

1 Q 1 1 1 
1 1 1 Q 1 
R 1 1 1 1 
1 1 R 1 1 
1 1 1 1 R 

1 Q 1 1 1 
1 1 1 1 Q 
R 1 1 1 1 
1 1 1 R 1 
1 1 R 1 1 

1 Q 1 1 1 
1 1 1 1 Q 
1 1 R 1 1 
R 1 1 1 1 
1 1 1 R 1 

1 Q 1 1 1 
1 1 1 1 Q 
1 1 R 1 1 
1 1 1 R 1 
R 1 1 1 1 

1 1 Q 1 1 
Q 1 1 1 1 
1 1 1 R 1 
1 R 1 1 1 
1 1 1 1 R 

1 1 Q 1 1 
Q 1 1 1 1 
1 1 1 R 1 
1 1 1 1 R 
1 R 1 1 1 

1 1 Q 1 1 
1 1 1 1 Q 
1 R 1 1 1 
R 1 1 1 1 
1 1 1 R 1 

1 1 Q 1 1 
1 1 1 1 Q 
1 R 1 1 1 
1 1 1 R 1 
R 1 1 1 1 

1 1 1 Q 1 
Q 1 1 1 1 
1 1 R 1 1 
1 R 1 1 1 
1 1 1 1 R 

1 1 1 Q 1 
Q 1 1 1 1 
1 1 R 1 1 
1 1 1 1 R 
1 R 1 1 1 

1 1 1 Q 1 
Q 1 1 1 1 
1 1 1 1 R 
1 R 1 1 1 
1 1 R 1 1 

1 1 1 Q 1 
1 Q 1 1 1 
1 1 1 1 R 
1 1 R 1 1 
R 1 1 1 1 

1 1 1 1 Q 
1 Q 1 1 1 
1 1 1 R 1 
R 1 1 1 1 
1 1 R 1 1 

1 1 1 1 Q 
1 1 Q 1 1 
R 1 1 1 1 
1 1 1 R 1 
1 R 1 1 1 

Pieces: ['Q', 'R', 'Q', 'R', 'R']
Nonattacking placements: 12

Q 1 1 1 1 
1 1 R 1 1 
1 1 1 1 Q 
1 R 1 1 1 
1 1 1 R 1 

Q 1 1 1 1 
1 1 1 R 1 
1 Q 1 1 1 
1 1 1 1 R 
1 1 R 1 1 

1 Q 1 1 1 
1 1 1 R 1 
Q 1 1 1 1 
1 1 R 1 1 
1 1 1 1 R 

1 Q 1 1 1 
1 1 1 1 R 
Q 1 1 1 1 
1 1 R 1 1 
1 1 1 R 1 

1 Q 1 1 1 
1 1 1 1 R 
1 1 Q 1 1 
R 1 1 1 1 
1 1 1 R 1 

1 1 Q 1 1 
R 1 1 1 1 
1 1 1 Q 1 
1 R 1 1 1 
1 1 1 1 R 

1 1 Q 1 1 
1 1 1 1 R 
1 Q 1 1 1 
1 1 1 R 1 
R 1 1 1 1 

1 1 1 Q 1 
R 1 1 1 1 
1 1 Q 1 1 
1 1 1 1 R 
1 R 1 1 1 

1 1 1 Q 1 
R 1 1 1 1 
1 1 1 1 Q 
1 1 R 1 1 
1 R 1 1 1 

1 1 1 Q 1 
1 R 1 1 1 
1 1 1 1 Q 
1 1 R 1 1 
R 1 1 1 1 

1 1 1 1 Q 
1 R 1 1 1 
1 1 1 Q 1 
R 1 1 1 1 
1 1 R 1 1 

1 1 1 1 Q 
1 1 R 1 1 
Q 1 1 1 1 
1 1 1 R 1 
1 R 1 1 1 

Pieces: ['Q', 'R', 'R', 'Q', 'R']
Nonattacking placements: 16

Q 1 1 1 1 
1 1 R 1 1 
1 1 1 1 R 
1 Q 1 1 1 
1 1 1 R 1 

Q 1 1 1 1 
1 1 1 R 1 
1 R 1 1 1 
1 1 1 1 Q 
1 1 R 1 1 

1 Q 1 1 1 
1 1 1 R 1 
R 1 1 1 1 
1 1 Q 1 1 
1 1 1 1 R 

1 Q 1 1 1 
1 1 1 R 1 
1 1 R 1 1 
Q 1 1 1 1 
1 1 1 1 R 

1 Q 1 1 1 
1 1 1 R 1 
1 1 1 1 R 
Q 1 1 1 1 
1 1 R 1 1 

1 Q 1 1 1 
1 1 1 R 1 
1 1 1 1 R 
1 1 Q 1 1 
R 1 1 1 1 

1 Q 1 1 1 
1 1 1 1 R 
1 1 R 1 1 
Q 1 1 1 1 
1 1 1 R 1 

1 1 Q 1 1 
R 1 1 1 1 
1 1 1 R 1 
1 Q 1 1 1 
1 1 1 1 R 

1 1 Q 1 1 
1 1 1 1 R 
1 R 1 1 1 
1 1 1 Q 1 
R 1 1 1 1 

1 1 1 Q 1 
R 1 1 1 1 
1 1 R 1 1 
1 1 1 1 Q 
1 R 1 1 1 

1 1 1 Q 1 
1 R 1 1 1 
R 1 1 1 1 
1 1 Q 1 1 
1 1 1 1 R 

1 1 1 Q 1 
1 R 1 1 1 
R 1 1 1 1 
1 1 1 1 Q 
1 1 R 1 1 

1 1 1 Q 1 
1 R 1 1 1 
1 1 R 1 1 
1 1 1 1 Q 
R 1 1 1 1 

1 1 1 Q 1 
1 R 1 1 1 
1 1 1 1 R 
1 1 Q 1 1 
R 1 1 1 1 

1 1 1 1 Q 
1 R 1 1 1 
1 1 1 R 1 
Q 1 1 1 1 
1 1 R 1 1 

1 1 1 1 Q 
1 1 R 1 1 
R 1 1 1 1 
1 1 1 Q 1 
1 R 1 1 1 

Pieces: ['Q', 'R', 'R', 'R', 'Q']
Nonattacking placements: 10

Q 1 1 1 1 
1 1 R 1 1 
1 1 1 1 R 
1 R 1 1 1 
1 1 1 Q 1 

Q 1 1 1 1 
1 1 1 R 1 
1 R 1 1 1 
1 1 1 1 R 
1 1 Q 1 1 

1 Q 1 1 1 
1 1 1 R 1 
R 1 1 1 1 
1 1 R 1 1 
1 1 1 1 Q 

1 Q 1 1 1 
1 1 1 1 R 
1 1 R 1 1 
R 1 1 1 1 
1 1 1 Q 1 

1 1 Q 1 1 
R 1 1 1 1 
1 1 1 R 1 
1 R 1 1 1 
1 1 1 1 Q 

1 1 Q 1 1 
1 1 1 1 R 
1 R 1 1 1 
1 1 1 R 1 
Q 1 1 1 1 

1 1 1 Q 1 
R 1 1 1 1 
1 1 R 1 1 
1 1 1 1 R 
1 Q 1 1 1 

1 1 1 Q 1 
1 R 1 1 1 
1 1 1 1 R 
1 1 R 1 1 
Q 1 1 1 1 

1 1 1 1 Q 
1 R 1 1 1 
1 1 1 R 1 
R 1 1 1 1 
1 1 Q 1 1 

1 1 1 1 Q 
1 1 R 1 1 
R 1 1 1 1 
1 1 1 R 1 
1 Q 1 1 1 

Pieces: ['R', 'Q', 'Q', 'R', 'R']
Nonattacking placements: 12

R 1 1 1 1 
1 1 Q 1 1 
1 1 1 1 Q 
1 R 1 1 1 
1 1 1 R 1 

R 1 1 1 1 
1 1 1 Q 1 
1 Q 1 1 1 
1 1 1 1 R 
1 1 R 1 1 

R 1 1 1 1 
1 1 1 1 Q 
1 Q 1 1 1 
1 1 1 R 1 
1 1 R 1 1 

1 R 1 1 1 
1 1 1 Q 1 
Q 1 1 1 1 
1 1 R 1 1 
1 1 1 1 R 

1 R 1 1 1 
1 1 1 1 Q 
1 1 Q 1 1 
R 1 1 1 1 
1 1 1 R 1 

1 1 R 1 1 
Q 1 1 1 1 
1 1 1 Q 1 
1 R 1 1 1 
1 1 1 1 R 

1 1 R 1 1 
1 1 1 1 Q 
1 Q 1 1 1 
1 1 1 R 1 
R 1 1 1 1 

1 1 1 R 1 
Q 1 1 1 1 
1 1 Q 1 1 
1 1 1 1 R 
1 R 1 1 1 

1 1 1 R 1 
1 Q 1 1 1 
1 1 1 1 Q 
1 1 R 1 1 
R 1 1 1 1 

1 1 1 1 R 
Q 1 1 1 1 
1 1 1 Q 1 
1 R 1 1 1 
1 1 R 1 1 

1 1 1 1 R 
1 Q 1 1 1 
1 1 1 Q 1 
R 1 1 1 1 
1 1 R 1 1 

1 1 1 1 R 
1 1 Q 1 1 
Q 1 1 1 1 
1 1 1 R 1 
1 R 1 1 1 

Pieces: ['R', 'Q', 'R', 'Q', 'R']
Nonattacking placements: 10

R 1 1 1 1 
1 1 Q 1 1 
1 1 1 1 R 
1 Q 1 1 1 
1 1 1 R 1 

R 1 1 1 1 
1 1 1 Q 1 
1 R 1 1 1 
1 1 1 1 Q 
1 1 R 1 1 

1 R 1 1 1 
1 1 1 Q 1 
R 1 1 1 1 
1 1 Q 1 1 
1 1 1 1 R 

1 R 1 1 1 
1 1 1 1 Q 
1 1 R 1 1 
Q 1 1 1 1 
1 1 1 R 1 

1 1 R 1 1 
Q 1 1 1 1 
1 1 1 R 1 
1 Q 1 1 1 
1 1 1 1 R 

1 1 R 1 1 
1 1 1 1 Q 
1 R 1 1 1 
1 1 1 Q 1 
R 1 1 1 1 

1 1 1 R 1 
Q 1 1 1 1 
1 1 R 1 1 
1 1 1 1 Q 
1 R 1 1 1 

1 1 1 R 1 
1 Q 1 1 1 
1 1 1 1 R 
1 1 Q 1 1 
R 1 1 1 1 

1 1 1 1 R 
1 Q 1 1 1 
1 1 1 R 1 
Q 1 1 1 1 
1 1 R 1 1 

1 1 1 1 R 
1 1 Q 1 1 
R 1 1 1 1 
1 1 1 Q 1 
1 R 1 1 1 

Pieces: ['R', 'Q', 'R', 'R', 'Q']
Nonattacking placements: 16

R 1 1 1 1 
1 1 Q 1 1 
1 1 1 1 R 
1 R 1 1 1 
1 1 1 Q 1 

R 1 1 1 1 
1 1 Q 1 1 
1 1 1 1 R 
1 1 1 R 1 
1 Q 1 1 1 

R 1 1 1 1 
1 1 1 Q 1 
1 R 1 1 1 
1 1 1 1 R 
1 1 Q 1 1 

R 1 1 1 1 
1 1 1 1 Q 
1 1 R 1 1 
1 R 1 1 1 
1 1 1 Q 1 

1 R 1 1 1 
1 1 1 Q 1 
R 1 1 1 1 
1 1 R 1 1 
1 1 1 1 Q 

1 R 1 1 1 
1 1 1 1 Q 
1 1 R 1 1 
R 1 1 1 1 
1 1 1 Q 1 

1 1 R 1 1 
Q 1 1 1 1 
1 1 1 R 1 
1 R 1 1 1 
1 1 1 1 Q 

1 1 R 1 1 
Q 1 1 1 1 
1 1 1 1 R 
1 1 1 R 1 
1 Q 1 1 1 

1 1 R 1 1 
1 1 1 1 Q 
R 1 1 1 1 
1 R 1 1 1 
1 1 1 Q 1 

1 1 R 1 1 
1 1 1 1 Q 
1 R 1 1 1 
1 1 1 R 1 
Q 1 1 1 1 

1 1 1 R 1 
Q 1 1 1 1 
1 1 R 1 1 
1 1 1 1 R 
1 Q 1 1 1 

1 1 1 R 1 
1 Q 1 1 1 
1 1 1 1 R 
1 1 R 1 1 
Q 1 1 1 1 

1 1 1 1 R 
Q 1 1 1 1 
1 1 R 1 1 
1 1 1 R 1 
1 Q 1 1 1 

1 1 1 1 R 
1 Q 1 1 1 
1 1 1 R 1 
R 1 1 1 1 
1 1 Q 1 1 

1 1 1 1 R 
1 1 Q 1 1 
R 1 1 1 1 
1 R 1 1 1 
1 1 1 Q 1 

1 1 1 1 R 
1 1 Q 1 1 
R 1 1 1 1 
1 1 1 R 1 
1 Q 1 1 1 

Pieces: ['R', 'R', 'Q', 'Q', 'R']
Nonattacking placements: 12

R 1 1 1 1 
1 1 R 1 1 
1 1 1 1 Q 
1 Q 1 1 1 
1 1 1 R 1 

R 1 1 1 1 
1 1 1 R 1 
1 Q 1 1 1 
1 1 1 1 Q 
1 1 R 1 1 

1 R 1 1 1 
1 1 1 R 1 
Q 1 1 1 1 
1 1 Q 1 1 
1 1 1 1 R 

1 R 1 1 1 
1 1 1 1 R 
1 1 Q 1 1 
Q 1 1 1 1 
1 1 1 R 1 

1 1 R 1 1 
R 1 1 1 1 
1 1 1 Q 1 
1 Q 1 1 1 
1 1 1 1 R 

1 1 R 1 1 
1 R 1 1 1 
1 1 1 Q 1 
Q 1 1 1 1 
1 1 1 1 R 

1 1 R 1 1 
1 1 1 R 1 
1 Q 1 1 1 
1 1 1 1 Q 
R 1 1 1 1 

1 1 R 1 1 
1 1 1 1 R 
1 Q 1 1 1 
1 1 1 Q 1 
R 1 1 1 1 

1 1 1 R 1 
R 1 1 1 1 
1 1 Q 1 1 
1 1 1 1 Q 
1 R 1 1 1 

1 1 1 R 1 
1 R 1 1 1 
1 1 1 1 Q 
1 1 Q 1 1 
R 1 1 1 1 

1 1 1 1 R 
1 R 1 1 1 
1 1 1 Q 1 
Q 1 1 1 1 
1 1 R 1 1 

1 1 1 1 R 
1 1 R 1 1 
Q 1 1 1 1 
1 1 1 Q 1 
1 R 1 1 1 

Pieces: ['R', 'R', 'Q', 'R', 'Q']
Nonattacking placements: 12

R 1 1 1 1 
1 1 R 1 1 
1 1 1 1 Q 
1 R 1 1 1 
1 1 1 Q 1 

R 1 1 1 1 
1 1 1 R 1 
1 Q 1 1 1 
1 1 1 1 R 
1 1 Q 1 1 

1 R 1 1 1 
1 1 R 1 1 
1 1 1 1 Q 
R 1 1 1 1 
1 1 1 Q 1 

1 R 1 1 1 
1 1 1 R 1 
Q 1 1 1 1 
1 1 R 1 1 
1 1 1 1 Q 

1 R 1 1 1 
1 1 1 1 R 
1 1 Q 1 1 
R 1 1 1 1 
1 1 1 Q 1 

1 1 R 1 1 
R 1 1 1 1 
1 1 1 Q 1 
1 R 1 1 1 
1 1 1 1 Q 

1 1 R 1 1 
1 1 1 1 R 
1 Q 1 1 1 
1 1 1 R 1 
Q 1 1 1 1 

1 1 1 R 1 
R 1 1 1 1 
1 1 Q 1 1 
1 1 1 1 R 
1 Q 1 1 1 

1 1 1 R 1 
1 R 1 1 1 
1 1 1 1 Q 
1 1 R 1 1 
Q 1 1 1 1 

1 1 1 R 1 
1 1 R 1 1 
Q 1 1 1 1 
1 1 1 1 R 
1 Q 1 1 1 

1 1 1 1 R 
1 R 1 1 1 
1 1 1 Q 1 
R 1 1 1 1 
1 1 Q 1 1 

1 1 1 1 R 
1 1 R 1 1 
Q 1 1 1 1 
1 1 1 R 1 
1 Q 1 1 1 

Pieces: ['R', 'R', 'R', 'Q', 'Q']
Nonattacking placements: 16

R 1 1 1 1 
1 1 R 1 1 
1 1 1 1 R 
1 Q 1 1 1 
1 1 1 Q 1 

R 1 1 1 1 
1 1 1 R 1 
1 R 1 1 1 
1 1 1 1 Q 
1 1 Q 1 1 

R 1 1 1 1 
1 1 1 R 1 
1 1 R 1 1 
1 1 1 1 Q 
1 Q 1 1 1 

1 R 1 1 1 
1 1 1 R 1 
R 1 1 1 1 
1 1 Q 1 1 
1 1 1 1 Q 

1 R 1 1 1 
1 1 1 1 R 
1 1 R 1 1 
Q 1 1 1 1 
1 1 1 Q 1 

1 R 1 1 1 
1 1 1 1 R 
1 1 1 R 1 
Q 1 1 1 1 
1 1 Q 1 1 

1 1 R 1 1 
R 1 1 1 1 
1 1 1 R 1 
1 Q 1 1 1 
1 1 1 1 Q 

1 1 R 1 1 
1 R 1 1 1 
1 1 1 1 R 
Q 1 1 1 1 
1 1 1 Q 1 

1 1 R 1 1 
1 1 1 R 1 
R 1 1 1 1 
1 1 1 1 Q 
1 Q 1 1 1 

1 1 R 1 1 
1 1 1 1 R 
1 R 1 1 1 
1 1 1 Q 1 
Q 1 1 1 1 

1 1 1 R 1 
R 1 1 1 1 
1 R 1 1 1 
1 1 1 1 Q 
1 1 Q 1 1 

1 1 1 R 1 
R 1 1 1 1 
1 1 R 1 1 
1 1 1 1 Q 
1 Q 1 1 1 

1 1 1 R 1 
1 R 1 1 1 
1 1 1 1 R 
1 1 Q 1 1 
Q 1 1 1 1 

1 1 1 1 R 
1 R 1 1 1 
1 1 R 1 1 
Q 1 1 1 1 
1 1 1 Q 1 

1 1 1 1 R 
1 R 1 1 1 
1 1 1 R 1 
Q 1 1 1 1 
1 1 Q 1 1 

1 1 1 1 R 
1 1 R 1 1 
R 1 1 1 1 
1 1 1 Q 1 
1 Q 1 1 1 

Total nonattacking placements: 132
